0.0000	-0.7321	45.1704	1.4073
0.0500	2.6668	45.6426	1.4282
0.1000	3.8010	44.6739	1.4514
0.1500	3.9809	45.4432	1.4448
0.2000	2.7420	44.2860	1.4602
0.2500	0.9980	44.4263	1.4740
0.3000	3.0268	45.1051	1.4869
0.3500	0.9594	44.3503	1.5049
0.4000	-1.9893	44.7049	1.5103
0.4500	3.5719	44.8958	1.5273
0.5000	3.0644	44.5181	1.5278
0.5500	1.3092	44.8753	1.5356
0.6000	0.6975	45.4568	1.5375
0.6500	-0.7345	44.1444	1.5592
0.7000	-0.1848	44.3889	1.5435
0.7500	5.1052	44.9202	1.5824
0.8000	2.1529	44.3408	1.5657
0.8500	2.1511	44.4345	1.5869
0.9000	3.0983	45.2916	1.6050
0.9500	4.6280	45.5972	1.6064
1.0000	2.8607	44.4244	1.6086
1.0500	2.4366	45.6778	1.6456
1.1000	1.7056	44.0933	1.6611
1.1500	4.6352	44.9889	1.6455
1.2000	1.7418	43.9320	1.6779
1.2500	4.9420	44.7766	1.7044
1.3000	3.1852	44.7045	1.7050
1.3500	4.0865	43.2137	1.6919
1.4000	4.8949	43.9175	1.7218
1.4500	4.7054	44.4884	1.7372
1.5000	4.4458	43.6921	1.7383
1.5500	7.6734	43.9641	1.7428
1.6000	7.1391	43.9470	1.7360
1.6500	4.8913	43.8197	1.7569
1.7000	5.0480	44.8673	1.7770
1.7500	3.2115	44.4733	1.7702
1.8000	2.6788	44.2500	1.8068
1.8500	3.8141	43.1331	1.8155
1.9000	4.9473	43.4254	1.8202
1.9500	5.6074	43.1318	1.8336
2.0000	6.9528	43.7337	1.8465
2.0500	3.9596	44.1819	1.8408
2.1000	4.0797	42.9366	1.8718
2.1500	2.5475	42.4582	1.8890
2.2000	5.4089	43.1442	1.8759
2.2500	6.8624	42.3404	1.9037
2.3000	6.5048	42.8446	1.9038
2.3500	1.6321	42.1939	1.9146
2.4000	3.2953	43.2640	1.9246
2.4500	3.0722	43.1554	1.9330
2.5000	6.5269	42.4793	1.9489
2.5500	5.7359	41.9868	1.9475
2.6000	8.8396	42.5568	1.9662
2.6500	2.4150	41.9573	1.9830
2.7000	5.0489	42.5754	2.0091
2.7500	8.2398	43.5005	1.9997
2.8000	6.1759	43.1676	2.0053
2.8500	6.2563	42.0003	2.0193
2.9000	6.2618	41.9054	2.0193
2.9500	11.0194	42.3023	2.0401
3.0000	6.0391	42.4115	2.0509
3.0500	7.8498	41.9161	2.0731
3.1000	5.9953	42.5791	2.0868
3.1500	9.9592	42.1088	2.0880
3.2000	6.2517	42.7938	2.1178
3.2500	4.8244	41.7860	2.0845
3.3000	9.7844	42.8310	2.1066
3.3500	6.5403	41.7016	2.1375
3.4000	7.3773	41.0538	2.1544
3.4500	5.8816	41.3986	2.1641
3.5000	6.8541	42.1243	2.1823
3.5500	5.3060	42.1670	2.1864
3.6000	6.7918	41.8647	2.1801
3.6500	7.0394	40.1451	2.1829
3.7000	9.2852	40.5111	2.2105
3.7500	7.9890	41.3501	2.2256
3.8000	9.0308	41.3650	2.2310
3.8500	10.3395	41.2216	2.2231
3.9000	5.9785	40.2400	2.2558
3.9500	8.5890	41.1449	2.2795
4.0000	11.0572	41.4930	2.2539
4.0500	6.0958	42.1350	2.2791
4.1000	10.0249	40.2871	2.3105
4.1500	13.2199	41.2088	2.2908
4.2000	11.2565	40.9219	2.3258
4.2500	9.1635	40.6415	2.3255
4.3000	8.4119	41.9429	2.3445
4.3500	10.0142	40.4823	2.3710
4.4000	10.2968	40.7284	2.3714
4.4500	8.2667	39.8429	2.3732
4.5000	13.3617	41.2110	2.3898
4.5500	11.6988	41.2411	2.3928
4.6000	9.9036	39.3267	2.4068
4.6500	10.3131	40.5672	2.4192
4.7000	6.6251	40.4167	2.4242
4.7500	13.9245	40.2282	2.4397
4.8000	8.6468	41.2821	2.4614
4.8500	14.1254	40.0902	2.4686
4.9000	7.6580	39.9105	2.4683
4.9500	12.3151	41.1183	2.4709
5.0000	11.0912	39.9497	2.4902
5.0500	12.6631	41.3487	2.4960
5.1000	11.1261	40.1906	2.5084
5.1500	9.9836	40.0469	2.5431
5.2000	12.8097	41.3817	2.5397
5.2500	14.2267	40.4086	2.5297
5.3000	15.0626	40.9119	2.5425
5.3500	10.5758	39.8863	2.5799
5.4000	8.6320	40.0055	2.5852
5.4500	12.0849	40.1081	2.5992
5.5000	16.0279	40.2775	2.6213
5.5500	13.6990	40.4424	2.6107
5.6000	12.6755	40.5101	2.6242
5.6500	13.2421	40.0528	2.6288
5.7000	11.5114	40.3207	2.6357
5.7500	11.5618	41.1322	2.6499
5.8000	14.5256	40.5682	2.6750
5.8500	13.4067	40.1323	2.6911
5.9000	18.4260	40.5306	2.6874
5.9500	14.9317	39.4369	2.6891
6.0000	17.0042	40.0440	2.7217
6.0500	16.5272	39.3160	2.7050
6.1000	12.6960	40.0626	2.7299
6.1500	14.8517	39.7259	2.7335
6.2000	13.5199	39.7008	2.7510
6.2500	17.9766	39.2725	2.7672
6.3000	12.6269	39.6380	2.7978
6.3500	15.0870	38.8806	2.8004
6.4000	12.6374	40.8723	2.7983
6.4500	12.4021	39.0996	2.8138
6.5000	14.8502	38.2512	2.8099
6.5500	16.5768	39.1458	2.8337
6.6000	14.8418	39.2592	2.8481
6.6500	14.6037	39.3237	2.8504
6.7000	19.2776	38.8613	2.8653
6.7500	17.5584	39.0666	2.8870
6.8000	13.7919	38.6432	2.8768
6.8500	17.2235	38.4488	2.9133
6.9000	15.6592	39.8578	2.9312
6.9500	16.1299	38.7126	2.9177
7.0000	19.5906	39.5561	2.9374
7.0500	11.8745	38.9967	2.9458
7.1000	17.6256	39.1723	2.9551
7.1500	21.0054	38.7280	2.9569
7.2000	15.5926	37.7450	2.9746
7.2500	18.8494	38.6768	2.9967
7.3000	16.2369	39.4439	3.0087
7.3500	19.4033	38.8751	3.0028
7.4000	14.5683	39.6042	3.0245
7.4500	15.1094	38.9714	3.0396
7.5000	16.3408	39.0855	3.0588
7.5500	20.4269	37.5219	3.0614
7.6000	20.6454	38.8570	3.0469
7.6500	17.2375	38.3818	3.0718
7.7000	15.8438	37.9904	3.0823
7.7500	20.2847	39.0000	3.0961
7.8000	21.9151	38.7139	3.1070
7.8500	16.8388	39.5269	3.1328
7.9000	19.0093	39.0560	3.1344
7.9500	20.7613	38.1296	3.1640
8.0000	19.1499	37.9899	3.1600
8.0500	19.1865	38.5659	3.1643
8.1000	22.1545	38.7701	3.1859
8.1500	21.2041	38.1955	3.1829
8.2000	16.8137	38.1787	3.1947
8.2500	19.3268	38.3444	3.2096
8.3000	24.9692	37.7463	3.2087
8.3500	19.4805	38.6833	3.2287
8.4000	22.9146	38.2661	3.2344
8.4500	21.7604	38.0676	3.2471
8.5000	21.7038	36.7212	3.2609
8.5500	19.6557	37.3669	3.2612
8.6000	23.4422	38.0409	3.2832
8.6500	20.4931	38.2505	3.2995
8.7000	26.8695	38.6307	3.3260
8.7500	20.4892	37.7704	3.3355
8.8000	22.4775	38.4363	3.3300
8.8500	21.3373	38.0103	3.3417
8.9000	22.8989	39.5376	3.3668
8.9500	23.7052	37.4170	3.3684
9.0000	20.0701	37.8741	3.3653
9.0500	23.1262	37.7020	3.3841
9.1000	23.7810	37.9141	3.3957
9.1500	21.5645	36.9594	3.3960
9.2000	25.6806	37.7863	3.4185
9.2500	24.9606	37.3772	3.4483
9.3000	25.9690	37.5663	3.4514
9.3500	25.2992	37.5085	3.4665
9.4000	24.0426	37.4220	3.4663
9.4500	21.3832	37.9621	3.4767
9.5000	24.2525	36.9058	3.4987
9.5500	22.3530	38.8078	3.4952
9.6000	25.3819	37.3308	3.5129
9.6500	24.1506	37.6483	3.5129
9.7000	25.2581	37.2484	3.5126
9.7500	25.6168	37.3518	3.5374
9.8000	30.1636	37.6120	3.5559
9.8500	24.6121	38.4444	3.5751
9.9000	28.2563	37.5615	3.5776
9.9500	25.5007	37.4176	3.5742
10.0000	23.8914	38.0983	3.6063
10.0500	28.8925	37.4703	3.6096
10.1000	23.3070	37.2066	3.6140
10.1500	27.9664	36.7068	3.6251
10.2000	25.0936	37.2623	3.6304
10.2500	27.8117	37.2301	3.6566
10.3000	32.1461	37.4187	3.6713
10.3500	31.8806	36.0494	3.6790
10.4000	29.0661	37.8236	3.6940
10.4500	29.2171	36.5263	3.6993
10.5000	27.6445	37.3600	3.7100
10.5500	27.6546	36.8516	3.7167
10.6000	30.3473	36.9404	3.7479
10.6500	26.8967	36.8985	3.7313
10.7000	28.6307	37.3791	3.7585
10.7500	33.6949	36.4009	3.7772
10.8000	29.5163	37.4249	3.7839
10.8500	28.6405	37.4089	3.7970
10.9000	25.5631	36.6826	3.7974
10.9500	29.4397	37.5770	3.8033
11.0000	29.3179	36.3775	3.8198
11.0500	29.4629	37.5032	3.8428
11.1000	29.5543	36.9395	3.8494
11.1500	30.7319	37.3091	3.8481
11.2000	33.4087	36.7259	3.8432
11.2500	28.8809	37.4070	3.8770
11.3000	31.5368	36.8282	3.9057
11.3500	31.4661	35.2960	3.9055
11.4000	29.3059	36.9891	3.9267
11.4500	35.1086	36.9769	3.9278
11.5000	35.0379	34.7585	3.9152
11.5500	33.7419	36.2191	3.9378
11.6000	31.8735	37.2399	3.9563
11.6500	30.4505	37.9789	3.9561
11.7000	33.9568	36.7450	3.9761
11.7500	34.3198	35.8651	3.9738
11.8000	33.3486	36.4663	4.0020
11.8500	30.6370	36.4633	4.0218
11.9000	37.0412	36.0518	4.0087
11.9500	30.9635	36.7049	4.0347
12.0000	34.7971	35.9516	4.0480
12.0500	33.6726	36.2530	4.0527
12.1000	28.7861	35.9429	4.0620
12.1500	34.8958	36.0731	4.0678
12.2000	32.9952	36.8488	4.0849
12.2500	36.9967	36.3410	4.0905
12.3000	36.5673	36.5631	4.1125
12.3500	32.1196	37.3637	4.1043
12.4000	34.7904	35.1279	4.1125
12.4500	36.2131	35.8438	4.1633
12.5000	36.5032	36.2299	4.1478
12.5500	39.1600	36.5075	4.1633
12.6000	34.5421	36.4895	4.1730
12.6500	36.7919	36.0211	4.1767
12.7000	37.2217	36.5297	4.2146
12.7500	35.3632	36.4354	4.2184
12.8000	39.6200	35.5830	4.2155
12.8500	34.7831	36.2612	4.2374
12.9000	38.9336	36.9356	4.2498
12.9500	36.2351	36.0505	4.2439
13.0000	39.1850	36.3093	4.2797
13.0500	36.4987	35.6158	4.2797
13.1000	39.2357	35.7058	4.2970
13.1500	34.5814	36.6461	4.2983
13.2000	36.0738	35.1010	4.3148
13.2500	37.9510	35.5937	4.3049
13.3000	39.8287	36.6619	4.3450
13.3500	39.9920	35.6947	4.3207
13.4000	39.8372	36.0954	4.3373
13.4500	38.3666	35.2692	4.3652
13.5000	39.3816	36.1945	4.3665
13.5500	37.5784	36.7164	4.3875
13.6000	38.2559	35.0830	4.4066
13.6500	35.6961	36.3757	4.4173
13.7000	41.5966	35.8328	4.4244
13.7500	41.7358	35.9848	4.4384
13.8000	42.1282	35.6910	4.4505
13.8500	39.4856	37.1764	4.4618
13.9000	42.7617	36.6727	4.4723
13.9500	43.0702	35.3225	4.4851
14.0000	42.9349	35.5146	4.4934
14.0500	47.7459	35.5982	4.5046
14.1000	41.2033	36.4880	4.5107
14.1500	42.8566	35.2060	4.5203
14.2000	40.7538	36.7030	4.5319
14.2500	46.1711	35.9501	4.5403
14.3000	47.2712	35.4908	4.5771
14.3500	41.0097	35.4084	4.5905
14.4000	44.1189	35.5752	4.5689
14.4500	48.5515	35.4102	4.5946
14.5000	45.2110	34.8629	4.5927
14.5500	45.1830	36.1903	4.6078
14.6000	46.5335	35.9767	4.6276
14.6500	46.8967	34.8743	4.6387
14.7000	43.5502	35.2896	4.6555
14.7500	46.5206	35.9453	4.6357
14.8000	45.1601	35.3154	4.6464
14.8500	43.4856	36.2263	4.6880
14.9000	44.3300	34.8605	4.6851
14.9500	47.0114	34.9886	4.7046
